10
9
12
7
9
-310
9
6
14
12
10
9
12
10
11
10
11
2
7
-290
10
10
9
8
-306
13
-315
10
9
-269
-282
11
13
11
8
7
11
11
12
-316
8
10
-281
-297
9
8
10
8
10
7
11
-305
13
9
11
9
-308
11
10
8
10
10
9
7
9
11
5
7
9
10
9
9
11
9
6
11
9
11
10
6
-286
9
10
-300
-232
8
10
9
8
-274
-268
8
8
-283
11
10
9
8
9
9
9
-301
10
8
-276
10
7
10
10
9
13
8
9
9
10
-275
9
-299
11
9
8
10
9
11
8
10
10
10
10
5
12
7
10
10
10
12
-299
8
-296
7
12
9
11
9
10
10
9
8
9
13
9
9
5
10
9
13
-281
-309
7
8
4
7
11
-294
9
-265
11
11
9
9
10
9
10
10
-268
8
11
10
11
-285
-279
6
8
8
9
14
12
8
7
10
-286
9
11
-294
-282
11
12
10
11
-271
10
-298
-291
10
-265
9
12
10
7
10
-295
11
13
-316
13
8
10
10
7
7
11
8
10
9
8
9
-285
9
9
11
11
6
-305
-311
8
11
10
12
9
-309
9
11
12
-279
7
9
10
-293
10
-286
10
7
12
9
9
8
11
12
12
12
11
10
9
8
-276
-288
8
11
12
10
7
9
7
7
-297
12
-271
11
8
10
11
9
8
9
9
8
7
10
-232
9
9
10
9
-271
14
7
7
-308
-273
12
9
-270
10
8
10
10
6
9
11
8
-297
11
-283
10
-295
10
11
12
10
9
8
11
10
-312
9
11
-256
8
9
8
9
10
9
7
11
12
11
11
8
9
10
6
10
11
12
-277
-272
10
7
10
11
5
11
8
-308
12
-310
10
8
10
10
11
14
10
-266
11
7
11
9
7
8
10
10
-264
9
9
10
12
9
9
10
9
10
8
-282
9
9
12
9
8
10
-298
-300
10
12
-272
11
9
7
8
9
8
11
5
10
9
8
10
8
12
-239
11
11
13
-279
8
6
12
-255
11
11
-244
10
9
10
8
-291
11
7
-276
-285
8
11
-302
9
9
9
10
8
4
9
10
6
-264
11
9
9
12
9
10
12
8
11
11
-296
9
7
7
7
-288
10
10
11
12
9
5
10
10
7
11
7
-300
9
11
10
8
8
8
6
-276
-277
12
12
-302
11
7
-285
9
11
8
12
8
8
7
9
10
9
9
11
12
-281
7
9
8
6
8
-280
-272
-333
-273
8
9
-246
11
9
13
8
-250
10
8
7
10
12
8
10
12
11
9
10
10
9
10
-269
10
11
-311
7
10
10
10
8
8
10
10
13
10
10
10
9
14
9
7
-274
-288
8
10
10
11
10
8
10
-266
9
-262
9
10
10
9
8
11
13
-271
9
13
9
9
9
-279
-281
8
-270
11
11
7
10
-278
11
9
-284
9
11
-273
-283
10
9
9
11
7
11
9
9
9
9
-300
11
8
9
-283
8
12
6
9
12
13
10
9
-279
11
12
10
11
11
11
10
7
-289
10
9
7
7
12
11
8
9
10
13
9
-261
9
9
9
14
12
10
9
10
-260
12
10
8
-280
7
12
8
10
10
10
11
4
9
8
6
11
9
5
10
12
-286
10
11
7
9
7
-281
8
10
-272
10
9
9
10
11
-289
13
5
-304
-273
9
12
9
8
7
9
10
-284
10
-270
8
-288
8
11
-313
13
-283
-280
-282
-290
9
9
9
-278
7
11
11
12
-282
-283
3
4
12
10
4
11
7
11
11
11
-287
10
9
-299
10
9
6
9
10
11
-290
11
10
12
8
10
-270
12
10
11
10
11
10
10
9
12
11
11
10
11
10
11
8
11
7
12
11
-288
11
9
12
-283
11
9
6
10
11
-297
-297
8
13
-282
10
10
-298
9
6
11
9
9
9
9
9
8
-255
10
8
7
-294
11
5
9
7
12
9
8
10
10
10
11
10
10
-299
9
-259
11
11
9
9
-257
11
8
-295
7
10
7
11
6
9
10
8
7
7
9
9
-293
8
10
11
12
6
11
8
8
9
8
-291
5
11
-299
9
11
9
10
-290
5
-297
10
10
9
9
10
12
10
11
-310
-275
9
8
9
10
9
9
9
10
9
13
10
13
12
10
7
-281
7
9
-282
-274
8
7
9
9
8
9
10
-259
9
10
12
10
9
10
9
9
13
9
11
8
9
10
-297
-255
13
10
11
11
11
9
9
7
7
10
11
10
7
9
10
-301
9
10
9
6
8
11
9
14
10
8
7
8
11
-273
-258
-276
8
8
7
11
11
-329
9
9
8
10
9
9
9
9
13
-269
10
10
-269
11
10
8
10
13
10
-296
12
10
11
10
7
8
7
-278
10
9
9
12
-276
7
13
-259
11
7
-309
12
10
10
7
8
7
15
-301
12
10
11
13
-279
-316
9
11
10
10
7
10
8
8
8
9
9
9
-323
9
8
10
-314
12
7
9
8
8
-275
-295
9
12
10
9
10
7
8
11
8
8
-286
8
12
-286
10
9
-279
6
10
8
8
11
10
12
9
-263
5
7
9
12
10
6
7
10
-306
-293
10
10
12
9
10
10
7
-315
9
11
8
11
12
-280
-274
8
8
7
12
6
7
4
11
11
13
7
-254
12
-300
8
11
-309
8
-305
-267
4
-267
11
-269
8
8
8
9
9
7
10
13
10
8
-301
-277
10
10
9
11
8
-292
9
9
5
7
10
-279
9
-296
-255
8
-297
-271
11
11
8
10
12
8
10
10
7
10
8
8
10
9
10
11
11
11
7
11
9
8
8
10
8
7
11
-327
8
9
-254
10
10
12
10
14
10
10
10
7
11
10
7
9
9
8
6
9
7
-266
-315
11
12
11
9
-268
10
-319
10
9
14
10
-282
10
11
7
12
10
8
10
9
8
10
8
-264
6
7
8
10
9
9
8
-325
-311
11
10
-278
-258
8
9
-289
11
9
9
-262
10
8
11
11
7
7
9
9
9
7
10
-313
11
11
9
9
-274
12
9
10
11
15
9
6
11
7
-278
12
11
6
6
8
11
10
9
13
-289
9
-265
8
12
10
9
6
-262
12
12
-296
9
-256
11
9
10
-266
-276
10
10
13
11
8
10
9
-291
-248
12
10
7
11
-276
12
9
9
11
12
-290
8
10
8
10
12
-303
8
9
-289
-284
12
9
10
8
11
11
8
8
11
13
11
13
12
9
8
8
7
11
10
-301
8
6
-254
9
-320
10
9
-275
7
9
8
8
9
11
10
9
10
10
12
5
10
11
9
7
11
9
10
8
8
12
9
11
8
11
11
9
11
9
10
10
9
9
-310
9
-252
11
7
7
8
13
-298
-250
7
10
8
-260
10
10
9
11
11
9
10
10
10
-283
11
8
9
13
11
9
12
-241
9
11
-300
9
4
11
8
6
-314
11
4
-270
11
10
8
13
11
9
12
9
12
-294
-297
-315
6
12
10
11
8
9
11
9
11
8
13
11
-298
-300
10
-282
9
8
10
11
8
8
4
8
9
8
-281
7
9
-305
7
5
10
7
11
7
10
3
10
9
-287
4
9
9
-312
9
8
6
11
8
5
10
9
9
12
-265
9
14
8
10
-251
-275
-289
8
-265
-261
13
10
9
9
-313
8
7
9
9
11
9
8
10
7
11
13
9
13
11
11
9
9
-272
13
-292
9
9
12
12
9
8
12
-281
-273
7
7
10
13
10
8
8
-308
11
8
-285
10
9
7
10
-323
11
9
9
9
11
8
11
9
9
-300
8
-279
8
-282
12
8
7
7
-290
4
9
9
-325
10
10
8
10
13
9
-264
8
11
9
12
11
11
7
10
10
9
12
10
9
10
9
9
-279
6
11
-303
8
11
11
10
8
9
10
7
9
8
-309
10
10
16
9
8
13
5
11
9
-288
9
12
10
8
10
11
9
10
7
14
8
10
13
-302
-240
8
7
9
10
10
10
11
10
11
10
11
-261
9
-272
7
10
12
-316
10
9
11
8
-286
8
12
10
8
9
9
9
-282
9
12
8
7
9
12
-260
-256
-270
9
8
8
-294
6
8
9
10
8
-291
10
11
8
-315
11
8
9
8
9
8
13
7
9
13
10
-283
9
-322
9
11
11
-275
5
10
7
7
-285
-321
7
9
11
9
10
8
6
-283
10
5
6
7
11
11
-273
-275
9
8
-324
10
9
12
10
11
10
13
8
8
4
8
-296
10
-271
12
10
12
10
8
8
10
10
9
11
9
11
5
9
10
9
9
9
11
7
9
-302
13
12
9
8
7
10
12
10
9
-272
12
10
11
10
-267
-299
10
15
9
9
7
-296
-278
8
-281
8
9
8
-283
6
10
10
9
11
9
9
11
11
10
10
8
7
8
8
-277
9
-271
9
12
11
7
8
10
-295
9
9
12
-268
7
10
10
9
11
11
14
7
10
9
12
9
10
6
9
10
9
10
14
10
10
12
-301
11
7
12
-290
8
11
-250
-296
9
10
9
8
11
9
11
11
-269
9
12
11
7
7
10
9
8
10
7
7
-290
9
12
8
10
11
11
8
10
10
9
9
11
8
9
9
11
8
8
12
10
11
11
-279
11
10
10
8
-285
11
10
9
-282
8
11
-259
13
11
-309
-291
12
9
7
11
-280
12
11
8
11
11
8
10
-265
11
11
7
11
11
9
12
10
10
11
9
9
6
9
9
10
-307
9
9
4
9
10
8
-248
10
10
10
11
9
8
9
7
9
12
11
11
9
9
12
10
8
-281
10
10
10
10
11
-277
8
8
6
10
-305
-298
9
10
-301
11
-242
-305
7
11
8
9
9
11
-309
12
9
-316
-310
10
9
9
9
8
-295
10
10
8
6
8
10
8
7
-261
7
10
9
9
12
8
9
10
-270
11
9
9
13
9
10
11
9
9
9
9
9
-299
-288
12
8
10
10
9
11
5
9
5
-320
-276
8
10
10
-255
-283
8
-294
10
8
12
12
7
9
10
10
8
-340
10
-297
10
-285
8
11
-299
10
11
10
10
11
9
7
7
10
8
11
9
13
9
10
-304
7
11
11
6
10
-282
11
7
7
-264
12
11
-290
10
8
9
10
-269
10
-280
10
10
9
10
10
-293
8
9
13
11
9
-258
9
11
7
9
11
10
-275
10
9
10
3
10
8
8
-271
-251
9
8
13
10
8
13
9
8
12
7
9
10
-274
9
8
-291
-267
10
10
-269
9
10
-309
10
11
8
7
12
11
5
9
8
8
-306
9
11
12
11
9
10
9
5
11
8
8
8
7
10
7
-340
12
5
11
10
6
8
8
6
9
7
10
-262
-304
9
10
8
10
-282
10
-268
6
10
-281
9
14
10
11
-305
10
10
12
-292
-276
6
13
-292
9
11
-283
6
10
10
-318
8
12
9
-302
10
9
9
11
10
10
11
6
-243
11
-291
10
12
11
9
-273
11
-305
9
9
7
10
-295
9
12
9
-284
6
10
9
12
-250
9
7
11
7
9
8
9
-289
12
9
10
-311
-267
9
9
9
12
8
9
6
8
11
9
-303
-294
9
9
-296
4
10
8
7
-312
6
9
11
7
10
12
12
7
11
11
-315
10
10
9
11
11
11
9
9
12
-300
10
-273
9
9
11
8
-301
8
12
10
12
6
-291
7
9
9
3
-270
-329
11
10
10
11
8
11
9
8
9
-287
10
7
10
11
9
11
9
-264
6
-323
7
-260
9
10
6
11
10
6
8
10
9
-294
11
11
9
7
12
-279
8
-271
11
11
10
10
9
11
-317
9
11
8
11
8
8
10
7
-267
8
11
-282
10
-291
10
-269
-280
9
9
13
7
11
10
9
3
11
9
9
10
10
12
8
7
11
10
11
-269
9
9
-292
7
9
-286
9
8
9
12
14
12
8
10
9
9
10
11
8
9
-293
12
8
10
14
11
10
11
-247
8
11
8
9
10
12
7
11
10
7
7
8
9
10
-300
8
11
9
5
10
-272
10
9
11
11
7
9
10
-311
10
6
9
11
9
10
9
10
12
12
10
11
8
8
10
10
10
9
-299
13
10
-307
11
7
8
12
8
-261
12
9
10
9
9
8
-284
-281
13
8
-303
9
10
9
7
9
10
9
11
9
8
10
6
9
10
6
-284
13
10
12
11
6
-291
11
-300
11
8
-325
9
-244
12
11
11
17
-263
9
9
11
12
11
10
8
-308
12
10
10
8
-278
6
-297
9
10
9
9
8
11
-281
-267
7
-317
10
7
9
12
7
11
-292
-318
9
11
9
12
-289
6
10
9
10
-281
7
10
8
5
7
9
6
7
10
12
-281
6
12
9
-267
-315
-286
9
10
13
-279
9
-307
-279
10
8
11
8
9
8
11
10
10
10
10
10
8
-260
11
7
9
11
6
3
-294
8
8
11
9
10
9
11
13
10
14
9
8
10
3
9
11
12
13
10
7
-271
6
13
12
8
9
9
9
-285
8
-284
10
8
8
9
7
9
10
10
10
9
15
-270
-262
5
8
9
8
8
7
15
9
10
7
10
-223
12
10
-272
13
12
12
10
-284
7
13
-258
11
7
8
9
11
11
6
9
15
8
7
10
12
10
-279
9
-280
8
10
11
7
10
10
6
8
8
6
11
11
9
11
-314
-272
11
10
9
-292
10
10
12
6
11
11
9
10
11
10
11
9
-277
8
9
7
9
10
8
8
8
12
9
10
-283
11
11
10
13
11
-284
10
7
10
-300
6
11
13
9
12
9
-333
7
8
9
8
7
12
11
9
9
12
9
11
12
10
9
11
11
13
-269
11
8
8
-266
9
10
-325
9
9
11
9
-306
-279
-294
-253
9
11
10
6
7
9
7
11
10
-291
-298
10
10
9
-269
9
-240
6
8
8
9
9
10
9
9
8
-284
10
8
11
12
8
-273
10
-295
12
-275
8
10
14
-287
-303
10
5
-326
8
9
10
9
8
7
12
8
6
13
9
9
8
11
12
11
-275
-275
-283
12
12
9
10
9
10
-310
-291
11
8
10
9
9
9
8
5
7
12
5
8
7
8
10
8
6
10
9
8
10
8
-256
8
11
10
9
-278
12
9
7
10
8
8
14
7
10
9
-269
8
2
10
-288
13
11
-280
10
-300
9
-306
10
10
10
-302
11
11
-298
10
9
-288
-256
15
12
-262
-297
10
11
-305
10
12
14
9
9
-284
11
11
-325
6
10
10
8
8
9
8
-263
8
7
-292
8
9
10
9
-339
9
9
8
9
11
12
-279
9
10
8
13
-300
9
10
9
-303
8
-289
11
10
9
11
10
10
9
8
11
10
13
9
11
-266
9
11
11
7
9
8
-284
-287
4
-265
8
6
8
10
8
10
12
-307
-260
12
-272
11
11
9
8
11
9
9
10
7
9
-283
11
-280
-314
9
12
10
7
9
9
9
10
11
10
3
7
10
13
10
-274
12
11
8
-350
12
-293
8
11
9
10
9
9
7
8
13
-298
9
12
9
8
-285
9
7
12
11
13
7
10
7
9
-271
10
7
-301
13
10
12
-266
8
9
8
7
-284
11
-319
10
7
8
10
9
-341
-317
9
12
11
10
9
9
13
11
10
9
9
11
10
10
-285
11
12
8
12
11
10
9
10
8
6
3
10
11
10
-308
-308
10
-302
11
-284
9
6
10
8
8
7
7
8
11
10
10
-261
8
7
12
10
10
8
8
4
10
11
12
-275
4
10
-309
10
8
-267
7
11
10
9
6
12
-271
9
8
-246
10
10
9
9
-239
12
11
8
9
11
9
9
10
10
6
10
10
9
-326
12
10
8
9
9
11
3
8
8
6
7
-268
8
8
-273
11
11
9
9
9
11
-279
9
7
10
10
6
10
9
8
8
9
7
11
11
-288
-296
10
-311
7
11
10
-288
8
11
10
9
12
-264
-286
9
10
6
11
10
10
-270
10
3
8
-321
10
10
10
7
5
10
8
15
8
10
-292
11
12
9
7
9
11
10
10
10
4
11
7
10
-314
-278
-315
-291
-278
10
7
-299
10
8
10
8
9
10
11
-316
8
10
8
-285
8
11
8
12
12
10
9
12
7
9
9
9
9
8
15
8
10
7
7
9
9
10
-330
10
9
9
-266
10
11
11
9
-297
9
8
-279
9
10
11
12
10
7
11
11
9
9
-240
-316
-296
7
12
-263
9
9
8
10
-287
9
-261
10
9
7
-294
9
-280
8
10
9
11
10
-292
7
8
9
10
-272
10
-269
6
12
-289
4
3
11
10
-305
9
-261
8
8
-296
8
-264
12
8
9
8
11
-278
8
11
12
4
10
8
-257
10
10
6
8
-284
12
10
-310
11
10
7
9
13
11
11
11
9
-337
11
5
7
10
12
8
7
6
8
7
-266
8
-281
10
7
10
-288
-290
11
6
10
9
11
-305
8
9
9
10
9
9
9
11
8
-306
7
9
7
12
12
5
-301
8
-296
11
13
10
7
6
7
9
-289
-298
10
13
11
11
9
-294
-291
9
-297
9
7
-278
7
8
9
11
10
5
10
8
13
10
8
10
5
-284
9
8
8
13
8
9
-288
9
6
12
12
10
10
10
10
11
9
-273
8
14
-305
12
-264
11
8
11
9
9
6
6
8
9
13
-294
6
-299
9
11
8
-265
6
9
11
11
11
13
-297
7
8
9
10
10
7
9
11
8
10
8
10
8
9
9
11
-296
7
-298
8
11
11
12
11
7
8
10
10
12
9
5
8
10
10
10
-255
8
-324
10
9
12
12
-255
13
9
12
10
8
5
8
9
-273
7
11
11
12
11
9
9
10
11
10
8
10
11
9
-296
10
10
10
10
-249
4
-279
8
6
10
-274
11
7
11
-293
12
9
8
10
9
11
12
11
11
-282
11
6
11
8
11
10
-291
9
9
-290
-332
12
10
11
10
-323
9
11
-336
-294
5
-273
10
12
7
9
8
9
8
6
9
8
8
11
7
12
10
7
11
9
-301
-259
-287
9
8
12
-286
8
10
12
9
-284
11
7
11
11
6
-287
8
10
-276
8
6
7
7
13
9
8
10
-254
10
9
10
7
8
12
9
8
9
14
6
12
8
7
-283
6
7
9
-289
-300
7
10
13
9
6
12
-290
8
9
9
9
9
-275
8
11
10
-289
9
9
11
11
12
9
10
10
10
7
12
9
12
8
10
8
9
10
10
-253
8
11
-278
-308
8
13
6
10
11
10
9
8
-291
9
8
8
9
9
9
13
11
8
7
-311
9
8
8
10
11
8
10
11
-279
11
7
-306
11
7
5
8
10
9
8
6
11
6
12
-307
10
7
11
7
-296
8
11
11
-280
11
12
8
10
9
11
9
9
8
8
8
11
10
10
12
7
7
12
-281
-275
11
9
7
8
-299
13
9
-300
9
-271
9
-250
6
11
7
11
9
9
13
12
11
13
7
10
12
10
8
6
7
12
10
12
10
-283
8
-287
9
10
-319
-275
9
7
10
8
10
10
9
14
10
10
8
9
11
9
-286
-283
12
8
6
10
10
10
-286
11
12
8
-279
9
11
10
10
9
4
6
10
7
-253
12
12
10
10
8
-327
9
8
9
11
9
8
10
11
9
-302
8
10
10
-301
-267
7
-276
10
8
7
10
8
11
7
10
9
-286
8
11
6
11
-291
11
5
-281
8
-281
10
7
12
10
11
9
-282
10
8
10
8
5
8
7
9
-284
12
9
11
7
12
11
9
-277
8
-242
11
10
10
10
10
-262
-288
10
11
-336
13
10
-274
12
11
-256
10
12
10
10
11
11
6
11
10
10
11
8
8
7
10
6
8
11
8
9
6
9
8
10
8
-277
-252
9
-278
10
11
7
12
10
10
9
9
11
11
11
7
8
6
-243
9
-279
6
10
10
10
10
10
9
-297
11
-253
13
-292
8
-287
-266
5
10
8
8
9
10
-269
-255
-297
13
9
8
10
10
10
6
8
6
11
10
9
8
9
8
10
8
11
8
-259
10
8
10
10
10
-293
-273
-284
8
10
10
8
10
9
-279
8
4
10
9
4
9
-256
8
12
9
10
9
11
9
10
12
8
9
-254
-276
6
9
-296
-291
-302
11
8
12
10
8
9
8
-300
10
8
10
10
-318
8
11
10
8
3
11
9
-265
7
9
9
8
-295
8
13
9
9
11
10
6
9
-274
-281
11
-276
-257
2
10
12
-284
11
8
8
-264
6
-284
-261
8
10
9
7
8
8
10
9
12
4
-265
10
8
9
6
11
10
11
8
8
-326
-256
10
10
11
5
10
2
-292
13
9
-333
9
11
9
11
8
9
-273
8
-299
10
10
8
10
11
9
9
11
6
9
8
7
-278
-318
10
10
-292
10
-296
9
9
-278
12
-290
12
11
-273
7
8
13
9
7
8
10
12
10
9
13
8
-297
10
12
10
10
8
10
10
9
-314
-302
7
10
16
-256
8
7
-294
9
8
11
-278
9
11
10
10
8
10
7
9
-266
11
-291
9
9
11
10
-284
11
-272
10
10
10
10
9
8
10
10
-292
10
11
11
9
-269
8
7
-327
9
6
-277
-300
11
9
13
9
-252
12
11
9
10
15
12
11
-268
11
12
9
-272
-269
8
10
3
10
11
8
13
7
10
-305
5
10
10
10
9
12
-283
7
11
10
11
10
12
7
-291
-296
9
-276
9
10
11
9
10
10
7
11
10
10
9
-288
8
10
11
12
12
-268
-263
-281
10
10
11
8
8
11
10
8
10
7
9
8
9
10
10
9
9
-276
9
10
9
-288
9
9
7
14
10
-307
10
9
9
11
11
-289
10
7
5
12
10
12
-274
10
10
10
-269
9
-258
-318
9
13
8
-301
8
9
10
8
11
10
10
10
9
10
11
8
12
9
10
10
-272
9
6
8
9
-262
8
10
11
12
12
10
-305
11
8
12
11
11
7
10
-288
10
10
10
6
11
8
9
7
10
12
9
9
11
12
11
9
10
9
9
-281
11
6
8
12
9
9
8
-266
9
10
8
7
-318
8
-267
10
11
10
8
8
9
11
10
9
11
10
9
-299
-279
-300
7
8
11
8
-287
9
12
-269
-306
10
-273
11
9
9
9
11
10
12
-279
8
9
13
8
11
7
-256
9
9
11
8
-295
9
10
-305
6
13
8
6
12
11
10
-268
-322
9
-290
8
8
10
13
9
8
-294
10
9
8
-280
10
9
10
7
8
10
12
11
9
6
9
6
-294
8
-255
11
9
9
10
-321
10
9
11
9
10
11
10
-294
10
9
9
9
9
7
10
8
9
8
10
-285
11
-283
12
8
10
15
-278
13
10
6
7
8
-311
10
11
-295
8
11
9
7
11
10
11
12
12
10
-270
7
8
-291
9
9
9
9
11
6
7
8
9
-272
11
8
12
6
9
9
9
12
9
10
14
10
5
9
11
5
8
11
9
-286
10
9
-294
-253
10
-287
8
-292
10
10
8
11
10
10
-289
8
10
-296
10
8
10
12
9
13
6
6
10
8
10
12
12
-304
4
7
8
9
8
-313
-219
-283
11
10
10
12
10
10
10
10
9
9
-257
7
12
7
12
8
9
11
10
9
11
10
10
-250
9
9
7
8
12
9
10
-329
10
9
12
-290
9
-307
10
10
7
7
4
9
9
8
10
9
9
7
-281
10
10
-295
6
10
9
9
12
9
12
9
9
9
8
8
11
12
10
9
10
8
9
-257
10
12
-267
9
6
9
11
8
9
8
8
8
12
8
7
10
9
10
8
11
10
6
12
11
11
-280
8
11
-256
11
9
11
16
11
10
11
10
9
9
8
-263
12
11
10
9
11
12
-282
12
8
10
10
7
10
9
12
9
9
12
11
9
10
-298
12
11
-319
9
10
9
8
10
8
10
-312
8
-283
11
11
-263
9
9
9
9
10
12
8
11
-258
9
9
-280
8
11
11
8
11
10
12
-298
10
10
15
7
8
10
9
9
-269
-269
11
7
8
-308
6
13
9
10
11
-286
11
10
9
8
10
10
11
10
11
9
8
-272
-280
13
10
-288
10
10
-253
11
10
8
10
11
9
9
9
10
-285
13
12
9
8
7
10
-263
-270
-330
-267
9
7
-334
11
12
10
11
8
10
11
5
9
5
8
7
6
9
-271
10
7
9
12
9
10
9
