72
68
73
71
77
73
77
72
77
70
67
79
76
80
81
71
77
109
82
77
72
73
76
69
70
73
84
71
71
69
71
80
77
80
79
83
71
73
73
72
73
74
77
80
92
75
77
76
71
70
68
73
72
75
74
70
73
73
72
76
81
78
80
68
68
74
74
73
71
72
72
75
74
73
74
74
73
71
72
69
79
69
72
73
87
78
79
81
83
71
70
74
75
74
73
74
74
72
71
76
72
74
70
70
81
77
87
81
82
74
74
75
72
74
73
82
74
69
83
77
78
72
87
70
80
83
80
81
79
67
68
82
81
79
76
76
76
80
81
74
74
74
67
76
81
81
87
80
81
80
71
73
74
80
77
78
71
70
88
75
74
75
76
71
77
75
75
76
74
72
69
81
83
79
86
80
73
86
84
78
79
86
66
70
78
81
76
76
72
72
76
73
75
71
73
74
70
72
73
82
81
79
83
82
82
84
77
74
72
71
69
73
76
71
79
79
74
78
80
76
80
76
71
68
75
73
76
76
77
78
88
80
82
79
79
84
69
76
82
79
81
80
75
76
80
80
89
83
83
68
68
79
80
80
72
74
72
87
75
75
81
73
71
71
79
81
75
91
80
79
77
87
79
77
83
69
73
100
77
80
78
78
79
75
80
76
83
94
85
68
69
82
77
75
76
82
79
74
79
78
80
84
66
69
78
80
84
81
76
80
82
76
86
78
78
72
70
79
77
78
77
76
76
80
73
77
80
77
76
68
70
79
81
85
76
81
79
77
128
77
85
75
66
73
81
78
78
76
78
79
80
75
74
80
89
70
139
76
77
76
80
103
79
75
82
77
79
84
71
75
72
84
79
79
79
80
86
77
82
79
80
80
71
70
77
82
74
80
82
79
76
84
80
79
81
67
71
83
78
83
77
76
76
78
80
88
90
85
67
69
84
77
72
79
81
89
79
73
83
80
77
82
68
73
79
86
83
76
83
79
84
77
85
101
79
77
71
78
75
82
79
75
84
82
82
82
80
81
70
71
88
73
83
74
83
77
77
77
77
82
90
77
77
143
78
79
92
74
82
77
81
82
89
77
81
71
70
80
82
81
70
77
85
79
78
91
80
82
75
71
83
78
92
81
79
79
79
82
80
79
80
70
74
75
81
82
81
81
74
117
76
80
76
82
80
78
71
78
80
84
78
83
75
75
78
79
79
75
78
80
93
79
84
93
92
84
204
72
82
80
92
79
71
82
81
80
78
77
96
68
74
71
105
70
73
73
72
87
141
68
73
74
79
74
80
80
74
76
74
78
95
87
81
90
112
81
83
113
73
76
79
72
72
80
70
69
100
119
108
128
122
112
91
85
79
74
81
78
80
70
166
72
77
68
73
71
70
72
75
75
90
78
71
74
78
84
82
77
79
85
79
72
74
80
81
77
145
76
81
91
76
71
83
85
178
88
80
84
82
71
76
84
81
75
78
71
71
72
73
130
76
73
74
155
75
75
131
146
124
169
108
75
225
180
131
116
117
194
185
127
127
219
100
139
108
128
210
171
72
83
118
214
97
71
70
78
73
82
78
81
75
76
78
69
72
81
75
75
77
72
68
69
80
82
78
77
80
86
82
74
84
96
81
78
78
69
76
71
78
86
83
77
78
74
78
72
78
83
72
71
77
73
81
81
77
79
72
74
74
77
78
72
79
73
74
79
79
84
81
76
73
71
71
77
77
79
74
68
80
84
77
74
83
69
72
72
71
75
80
76
85
71
76
77
79
72
77
74
71
79
71
72
68
103
69
89
67
85
77
77
79
79
77
87
71
70
82
71
78
69
74
72
77
70
68
76
78
100
69
75
70
74
68
80
87
79
78
71
91
76
72
70
78
80
79
74
75
75
83
71
76
76
141
78
94
73
77
73
134
70
69
104
70
72
82
74
79
71
76
83
78
73
74
71
70
81
86
79
85
72
75
75
81
75
82
70
82
73
76
86
73
79
83
74
69
73
76
118
72
72
70
73
72
103
69
71
85
71
76
82
82
77
79
76
80
78
70
74
81
84
72
80
82
78
84
69
157
70
75
68
87
71
76
85
81
87
84
76
79
82
89
79
88
74
71
76
74
74
75
74
70
78
81
94
72
77
79
72
75
79
76
70
71
73
78
73
69
73
80
76
82
74
78
81
71
71
71
84
80
72
73
79
80
73
71
70
73
76
82
70
74
72
72
81
112
76
83
81
80
70
76
71
72
70
75
70
71
75
79
79
71
80
84
82
79
73
76
87
81
80
82
83
69
78
80
71
75
76
73
76
75
80
69
79
73
78
75
74
77
78
81
70
78
76
77
70
75
72
76
73
69
72
87
75
71
75
84
71
86
77
71
73
77
69
69
75
80
68
74
70
78
69
77
71
77
72
74
79
71
68
74
83
76
80
70
77
67
71
70
72
78
73
84
73
113
69
102
74
78
72
75
76
75
82
71
75
72
71
78
77
81
77
75
83
73
75
78
78
78
83
68
78
70
76
70
74
76
138
73
69
78
68
82
75
75
76
77
79
96
71
71
81
76
98
69
75
78
75
71
85
81
72
97
75
83
75
91
78
74
73
72
71
74
79
71
72
73
76
87
71
77
76
78
70
86
78
76
71
82
71
76
84
82
73
78
78
70
78
70
71
78
73
79
75
71
103
70
71
73
81
69
68
74
78
84
70
80
71
76
75
78
80
80
71
73
79
91
81
83
74
76
71
71
75
79
83
69
74
74
73
72
78
77
85
78
72
84
71
73
72
74
73
82
75
72
87
76
97
75
70
74
71
77
70
76
81
81
74
70
81
76
68
80
72
69
72
103
72
70
74
71
79
77
78
75
71
72
67
81
73
71
76
73
72
73
80
73
79
76
74
73
72
69
74
71
83
119
74
78
74
67
70
73
70
69
71
79
75
81
75
158
77
81
68
76
77
99
69
68
72
74
76
71
70
73
78
71
76
76
71
72
76
75
70
80
69
128
79
72
75
70
68
85
124
72
73
67
70
71
75
75
79
75
80
82
70
72
71
68
176
200
163
191
229
152
97
75
71
73
92
78
87
69
74
68
80
80
68
72
84
70
150
123
105
115
110
83
68
77
82
72
70
78
73
69
72
81
73
84
71
114
81
74
79
72
72
73
80
78
73
76
91
79
77
81
70
78
78
84
75
73
82
73
71
78
80
81
77
72
79
73
87
73
82
66
78
79
86
72
67
81
145
72
81
71
70
69
80
79
75
82
75
77
78
81
81
70
123
82
85
76
77
71
80
69
72
79
71
94
85
71
75
142
73
79
75
79
131
72
79
73
77
95
68
80
87
101
70
82
71
70
82
81
70
83
75
82
87
70
86
80
87
82
79
76
81
70
77
75
70
81
80
81
82
79
67
88
78
70
74
72
71
80
78
68
73
82
73
75
77
72
69
71
70
79
77
77
79
78
75
70
80
80
83
77
85
78
82
73
75
77
197
116
104
154
119
87
157
115
71
75
96
74
76
80
72
76
84
75
90
86
71
83
157
123
109
101
119
94
88
71
76
79
71
78
75
72
77
79
76
75
89
76
86
86
73
91
75
73
77
81
75
73
73
70
71
73
71
68
90
73
73
89
78
71
76
74
77
71
76
82
101
93
76
72
70
80
78
76
83
148
75
81
80
71
75
75
72
74
70
72
77
74
67
89
75
71
76
107
82
73
78
81
78
88
71
70
76
80
88
70
78
77
70
76
77
69
78
84
67
76
78
67
76
72
73
73
79
169
71
101
76
72
81
87
77
70
76
86
70
79
77
69
82
103
71
75
75
75
71
78
73
90
72
71
149
74
79
73
84
80
68
77
87
73
67
76
80
66
78
90
89
75
82
72
68
75
70
96
68
80
90
70
76
84
72
79
98
70
69
80
79
83
71
81
67
72
100
80
68
77
103
77
76
71
73
94
82
101
89
69
79
104
70
72
76
109
131
133
130
202
200
151
79
82
75
81
87
107
96
210
82
136
122
170
163
85
75
79
77
131
131
83
146
85
73
78
75
109
125
163
77
89
77
203
247
259
115
160
144
186
184
144
105
94
72
74
155
186
147
118
137
124
282
247
87
97
78
142
456
98
85
99
81
172
110
120
149
120
85
81
69
90
69
75
88
98
85
79
86
177
92
92
211
76
207
175
98
119
101
101
84
83
97
86
88
82
82
88
117
77
76
81
121
85
78
137
126
134
116
160
98
88
80
112
112
83
71
120
93
83
100
98
80
177
116
136
99
128
101
143
79
80
85
79
81
94
125
89
79
77
81
72
73
79
83
80
117
109
117
99
86
81
79
80
84
95
80
84
86
76
72
83
97
71
71
71
84
79
77
74
80
164
90
77
81
87
75
73
86
99
86
82
78
89
73
93
77
75
89
100
76
77
80
84
90
73
74
91
79
71
79
83
74
84
104
72
71
79
110
80
73
79
87
74
244
81
83
72
76
96
73
72
74
81
82
77
72
83
80
75
87
88
85
75
82
98
91
75
84
89
73
84
78
95
72
86
80
80
85
86
71
81
80
74
83
86
83
75
73
82
77
85
77
87
79
172
80
82
83
80
75
84
86
131
72
75
100
91
74
92
84
75
88
99
73
73
83
79
92
81
86
81
96
85
75
88
82
75
78
137
139
73
69
86
75
101
70
84
87
77
76
88
79
73
75
136
82
97
105
72
94
90
80
76
78
83
75
158
81
71
74
71
83
71
85
83
74
73
74
79
80
74
75
84
78
76
70
76
80
86
73
79
80
81
72
78
80
92
70
73
74
75
71
74
79
79
78
84
77
72
74
70
72
76
97
72
80
87
70
72
80
78
81
70
72
79
73
71
69
101
73
81
72
76
121
91
73
75
78
80
69
68
75
79
84
90
74
80
82
75
70
94
70
70
115
79
70
68
83
80
99
74
83
79
87
76
74
74
84
66
72
75
76
71
70
72
72
75
106
70
76
81
78
95
87
79
93
76
72
74
81
79
70
73
78
75
73
81
81
80
72
71
76
86
70
68
74
71
73
87
79
78
69
73
75
76
82
69
70
125
82
73
67
82
121
81
81
69
73
139
112
106
106
70
72
156
113
94
82
156
88
86
76
77
85
83
74
75
85
84
150
123
116
114
129
85
71
73
73
84
74
74
87
90
83
74
76
84
88
71
77
83
85
75
73
77
84
84
73
74
84
77
84
77
74
84
74
76
75
79
90
92
77
82
95
83
87
75
74
76
77
73
74
79
88
83
77
73
78
141
81
74
69
78
79
83
76
86
82
94
86
76
76
81
92
86
77
84
83
86
79
73
83
76
161
84
88
276
116
129
127
181
150
190
88
106
79
91
155
125
119
149
200
175
190
176
220
181
115
170
119
80
76
99
174
145
162
148
233
238
139
224
182
186
119
119
185
77
151
77
102
156
78
70
97
93
101
372
77
142
126
191
105
111
108
119
168
141
76
77
86
81
90
77
76
96
73
78
74
88
82
81
137
140
106
108
113
107
76
80
88
85
77
73
82
111
85
72
79
84
79
83
76
85
89
82
75
76
88
81
83
92
80
73
85
76
81
83
80
72
105
93
86
85
73
79
79
89
79
106
107
130
90
71
80
69
73
81
98
90
72
77
72
83
92
75
85
87
84
99
81
72
89
87
82
74
88
113
78
86
75
77
79
82
91
76
79
79
82
93
78
76
79
100
73
77
93
76
85
96
73
87
96
82
78
79
75
81
91
78
75
92
72
82
85
76
80
92
77
74
75
89
85
79
78
76
78
85
99
92
75
77
112
77
173
91
85
83
77
78
79
72
75
76
71
76
148
89
73
77
73
78
83
83
79
72
83
83
95
77
77
76
79
81
88
72
74
82
81
167
75
78
83
86
105
78
79
78
74
88
81
74
77
86
87
74
75
85
80
90
76
75
77
88
83
82
75
76
84
72
113
76
79
89
114
86
82
74
74
91
76
82
81
77
99
82
81
80
72
71
79
83
90
89
105
74
84
82
85
81
74
73
81
162
91
78
73
78
80
87
79
72
77
85
85
78
84
75
78
78
73
76
75
69
70
82
80
82
111
72
73
80
70
83
76
88
83
78
94
81
75
75
77
84
89
71
72
75
74
78
86
77
73
83
92
93
84
87
75
75
82
85
72
74
82
111
73
76
92
83
85
76
73
75
81
71
86
90
77
73
85
79
77
96
73
82
81
81
79
76
78
73
95
75
209
100
87
75
76
80
80
77
76
73
82
83
88
83
75
74
78
81
92
77
74
76
77
89
74
86
82
74
85
85
84
72
78
81
81
92
82
77
74
70
81
76
72
75
75
85
79
89
85
73
74
84
74
87
87
74
82
86
90
83
75
79
72
91
92
71
70
78
82
96
82
73
76
73
86
78
69
73
72
88
82
77
82
71
72
78
71
73
71
71
88
68
70
85
73
81
80
68
79
86
97
69
75
69
70
78
91
82
73
76
81
77
74
71
77
80
79
81
81
77
69
70
70
85
75
79
81
82
81
84
89
71
74
88
73
78
79
71
81
82
78
85
73
79
72
78
75
104
79
72
72
81
84
75
71
76
91
80
85
77
72
73
81
81
72
74
73
71
91
79
86
72
70
88
76
83
77
69
74
70
78
79
79
75
70
79
77
81
122
95
71
75
70
80
76
74
80
79
75
75
72
87
74
83
71
89
78
84
83
76
69
114
103
123
141
125
104
96
83
84
114
82
77
75
69
84
77
83
77
79
118
96
96
76
71
72
80
79
83
127
76
75
85
78
80
80
76
76
83
75
71
88
75
73
98
79
84
94
75
77
83
75
88
83
77
76
85
88
81
100
73
92
84
82
84
86
74
72
77
158
110
86
79
75
95
73
137
78
90
78
79
76
83
75
74
76
79
74
73
84
81
113
94
78
78
72
80
81
79
79
76
77
86
116
78
85
74
77
75
99
89
81
74
71
72
73
82
80
78
74
81
82
87
79
82
79
76
73
78
80
85
83
93
73
97
84
74
84
82
101
81
86
91
104
72
71
80
76
80
83
74
75
70
75
94
76
91
82
74
72
78
90
85
78
71
74
85
92
74
93
78
75
88
83
81
84
73
79
77
73
152
85
89
83
78
74
73
113
92
90
83
72
71
80
80
80
86
75
75
83
82
80
78
79
73
72
82
84
85
78
90
77
82
91
79
76
78
79
83
87
71
79
72
81
76
87
83
81
73
77
76
70
75
91
79
76
78
70
93
74
82
75
73
69
70
81
77
72
72
70
71
79
90
83
74
72
68
76
74
84
71
72
74
77
82
117
83
112
100
70
69
78
77
69
72
73
72
103
70
79
69
79
77
82
96
69
68
81
82
77
70
70
75
73
87
71
88
90
73
73
102
84
83
74
72
77
73
84
75
104
77
70
71
71
74
84
80
76
73
69
86
72
77
95
72
70
72
73
82
76
82
84
74
70
140
84
82
82
78
69
70
73
70
85
70
69
72
74
84
103
70
70
85
71
73
77
76
84
81
70
71
73
74
90
89
80
67
73
76
85
81
75
70
90
76
80
69
81
78
128
81
76
67
69
152
85
83
76
75
76
73
71
75
84
79
75
75
78
84
72
80
76
72
72
73
90
69
73
71
80
77
75
75
81
78
90
69
71
72
73
80
82
71
71
71
79
77
83
78
83
71
73
73
76
75
77
73
70
68
73
80
72
70
82
83
80
69
85
82
87
84
78
71
70
77
89
85
80
73
67
83
80
96
88
79
74
74
73
77
82
73
70
68
71
75
75
69
89
72
78
154
82
76
72
69
84
77
72
78
72
74
75
83
105
70
135
103
68
74
85
72
69
81
70
74
98
85
82
78
71
71
74
77
77
82
95
68
76
72
79
67
74
73
99
94
82
84
75
78
80
70
70
68
69
70
84
76
74
110
70
74
81
82
77
75
70
71
73
78
73
79
91
89
71
71
70
76
88
86
90
74
73
68
72
79
75
75
72
139
76
73
78
75
73
73
77
70
69
70
69
74
86
82
78
72
73
75
74
74
77
80
78
70
71
71
73
71
70
75
78
89
81
78
71
78
78
82
83
75
77
75
78
85
78
77
77
72
72
76
85
87
73
78
74
75
71
71
69
71
81
79
76
125
71
106
74
118
69
77
90
80
123
77
98
75
73
71
73
74
133
98
73
72
71
74
81
83
82
78
70
70
72
71
75
80
83
79
68
70
70
72
70
73
81
79
76
69
71
76
90
72
86
68
68
76
71
71
81
83
93
69
107
73
69
75
78
90
73
86
69
70
83
77
78
86
83
68
70
71
81
77
79
70
74
70
71
81
78
73
77
89
79
74
80
77
68
83
77
147
80
70
154
84
81
73
71
70
77
77
88
86
90
72
76
77
81
84
80
74
78
72
74
79
73
81
84
70
72
69
68
69
70
87
90
83
93
69
75
100
74
115
79
76
69
75
66
76
80
70
77
83
71
69
69
81
81
75
74
86
77
72
73
77
73
69
71
84
74
75
76
74
81
77
71
74
72
73
107
72
72
75
83
133
84
81
70
79
70
69
70
71
76
76
72
68
87
77
82
76
83
95
136
145
109
142
97
243
174
162
145
175
148
154
111
100
103
139
172
114
108
109
101
163
78
81
128
90
101
76
77
86
116
118
102
81
79
86
92
105
79
148
113
90
123
111
115
136
118
171
161
91
113
100
98
138
120
110
104
151
150
157
120
108
87
71
84
157
83
99
134
94
73
87
168
170
100
122
114
152
90
85
74
74
72
86
76
74
76
86
81
72
95
71
161
73
84
77
122
168
123
153
129
125
149
175
190
117
131
94
77
74
110
108
102
138
116
118
117
120
76
91
79
105
130
99
112
77
85
131
119
82
128
90
112
110
159
102
192
102
106
84
75
77
73
98
118
92
160
78
96
109
116
155
111
107
147
112
208
79
81
77
90
73
79
72
76
89
81
85
81
82
77
87
152
130
136
80
73
79
77
71
90
73
72
89
76
84
74
77
78
73
81
96
89
90
94
163
109
103
109
74
82
72
84
87
75
95
71
74
95
157
84
93
81
82
78
75
74
82
85
82
89
77
83
75
74
72
83
71
70
81
78
77
77
75
86
92
87
131
74
114
76
88
83
80
81
86
89
126
92
75
70
86
87
74
76
80
83
95
77
106
79
80
72
74
85
73
82
89
80
81
80
73
73
73
80
78
79
92
85
78
76
73
80
92
76
85
101
89
77
74
78
77
77
151
79
91
73
78
77
82
85
86
82
80
85
90
71
73
126
88
90
81
84
73
84
70
153
201
114
126
88
75
76
84
75
76
86
85
95
94
79
95
72
77
105
74
76
73
152
106
113
130
72
78
76
92
77
80
73
97
74
74
75
77
81
132
120
81
84
79
79
73
73
73
102
82
77
129
87
71
83
73
76
106
88
102
77
72
76
75
136
184
167
108
91
127
322
173
154
128
128
135
182
195
205
186
218
150
129
102
83
70
80
110
106
139
120
161
119
98
93
106
75
92
88
75
119
222
141
131
212
385
363
245
279
112
240
71
77
79
209
152
125
247
143
129
169
155
80
107
110
104
97
72
96
81
77
126
89
82
106
141
160
70
72
75
73
81
80
109
85
110
161
195
110
131
113
75
86
95
83
159
84
85
149
239
79
94
83
78
75
87
90
109
239
88
85
116
172
216
99
115
127
146
134
154
97
82
85
98
83
81
104
181
108
172
139
91
86
99
85
104
72
151
78
80
80
93
70
83
83
92
78
76
72
73
96
91
110
86
74
77
71
69
69
102
82
86
85
83
83
94
74
73
69
72
103
79
83
75
70
95
71
72
134
68
111
86
96
80
77
70
70
67
70
87
77
83
106
68
86
99
72
70
70
80
71
70
74
89
148
91
137
69
69
67
95
75
87
94
92
74
106
69
67
67
68
70
75
159
75
94
101
90
89
70
73
70
70
70
88
92
98
75
82
85
71
70
71
69
93
76
91
97
99
75
73
71
68
84
97
88
116
93
93
80
68
71
71
80
76
91
138
74
97
95
73
68
68
95
85
107
76
87
70
70
126
70
76
98
73
87
99
91
94
72
68
68
93
81
89
74
82
68
86
93
71
68
67
83
68
74
80
119
89
126
98
70
70
68
74
92
79
72
84
88
125
72
74
67
70
82
84
87
72
77
71
68
67
72
68
69
69
69
72
312
75
80
102
69
68
68
69
85
77
80
106
76
95
128
94
86
68
71
69
80
74
91
98
86
75
82
70
68
71
71
75
90
176
77
79
81
73
70
70
66
71
72
81
72
70
75
96
70
73
68
70
73
130
84
87
90
73
72
73
68
68
75
112
76
97
89
86
95
75
67
69
68
86
96
92
92
74
94
78
73
80
66
69
75
89
100
71
87
133
70
69
70
69
66
85
84
90
74
95
71
70
70
67
70
89
97
93
83
112
71
77
75
72
187
74
74
71
68
100
72
81
89
79
69
68
72
72
69
72
121
92
82
92
90
104
76
70
68
69
67
112
79
93
74
89
89
71
82
67
68
68
89
95
78
76
81
76
92
72
87
70
71
69
83
79
78
99
150
129
123
129
112
99
137
192
136
90
75
71
70
93
69
69
70
76
68
70
83
83
82
82
90
69
69
68
67
87
165
86
91
74
81
68
84
72
72
70
80
92
84
78
89
92
93
69
70
68
79
77
74
94
114
93
78
76
73
99
73
70
107
73
73
91
96
74
84
77
88
68
74
67
67
105
79
100
88
90
82
69
68
68
72
106
79
85
76
99
75
71
69
70
67
93
83
97
74
101
77
70
68
68
70
94
94
86
80
86
89
81
85
70
70
68
69
80
85
95
76
113
72
114
76
70
68
68
70
72
90
90
99
80
111
107
71
73
70
71
75
71
90
166
111
77
86
79
94
86
75
96
67
69
67
77
91
109
89
88
71
73
70
74
80
93
87
97
79
75
70
69
68
70
79
98
87
93
94
94
95
87
70
70
71
76
93
93
99
75
101
78
81
72
411
236
100
76
83
107
135
81
101
72
79
78
78
77
102
111
144
185
95
208
146
204
146
72
80
72
75
74
91
77
76
79
81
72
73
81
73
71
75
98
105
81
74
73
74
131
72
72
81
75
70
80
74
119
78
84
79
103
76
68
79
74
78
85
77
72
85
70
89
68
72
74
74
83
80
82
110
74
76
85
84
70
70
84
77
76
148
86
96
92
72
89
84
76
72
84
80
94
96
72
76
77
76
77
84
75
70
74
84
92
79
75
75
73
72
81
72
76
87
89
93
82
84
75
72
71
72
72
77
85
70
76
88
85
79
104
75
